3.56857794229048
1.86360198665359
-3.15709367643286
-1.72597362466526
-1.16836556421585
-12.013549158499
-4.20507829682168
-2.62788780871308
4.82338035765161
5.84343898885332
0.187628177041413
-5.29725191867878
-1.01599429381967
2.01777903238414
-7.51796420695916
-5.95773240874554
15.6057623714168
-7.10702583093847
-5.85335595122136
3.06364420055487
2.52036456315736
-0.16802013246215
5.33894205583325
-5.42182167876836
2.82877761137639
-1.38045405068798
-4.12854437943699
2.45110268259757
-4.63265930547373
8.01274945713097
-4.304455100131
-1.82756633066405
-0.031659603850642
-11.9026538846178
7.60409816936784
-3.09951059859163
-2.42014452067906
-4.63080483294173
-1.4296280735895
7.93897680546434
3.29544511392362
6.03148939613739
-0.124148210097638
-4.52293675942632
-2.23434906945193
0.625428102204486
5.74045678327748
2.27506864664264
10.1097319213354
-3.4763518549065
8.01982670313034
6.75853667864916
2.19757298785724
7.85810850765297
-8.7062661841261
-7.42007400515774
-2.77616275806089
-6.79302465391068
-0.413285622286601
-1.79118059476338
-6.4455912855635
4.83341593907038
-2.10227949902733
3.89107372352361
2.88636485470269
-1.98360845427723
-7.78735200786246
-2.74203956838907
1.08630091176258
4.56617484753431
7.76107423176852
6.34065326598018
3.80200762268591
3.29590210095862
3.26994826207063
7.7798815739857
2.08305433424099
0.140266969174287
-11.8300428636067
2.73022245343614
2.53446276032809
1.84446061245896
-7.20219689683161
4.74171109217053
-8.11234468099827
-7.1102046956184
-10.9977980993333
0.511212748672844
-8.50472126039562
8.33784027488289
3.2566390926768
7.66623522233805
-0.0355204261324365
0.322185256207065
7.12610209327867
5.47988327674752
-0.61917758993663
-3.01141897459972
-5.48069773114497
-1.55648534940248
0.875694479055115
2.65404960021969
4.53205403171567
0.233765644628245
0.92397464096715
-2.52505916614457
5.4536611019591
-0.927491126390937
-2.35710764385638
3.16560935075526
-1.36062225211864
3.96419398796952
5.25840102534469
2.33795496257737
7.88878888076106
5.9628959966741
3.43904345011025
-2.70282838286823
3.46451281026796
-10.9702022534437
-4.77023575254913
-0.700918383186659
1.83575140249448
0.279290312757195
9.26943430160635
6.167444886832
-7.66728912818118
0.352278039215382
3.12327087333413
-1.11991105169398
1.75585323034922
3.58087076937057
-9.01778709736247
5.00747700524663
5.99609916415601
-7.13002345021905
-5.77092486834946
0.979396914794384
2.44516550674964
-0.150752777495463
0.8109034149426
0.532497439976462
-5.88483433435067
4.67214713542719
2.10987315138202
-2.51509497375982
-1.33940853933869
4.68644006534123
0.1701178927147
1.21579431888721
5.71844262194905
4.13702965919341
1.74029093770915
-1.90601422014325
6.80640718401821
-4.42770877487973
1.94492006975083
2.05952545012269
3.54956735643194
-6.57646902877754
-7.68466779454309
-3.23001279388722
-4.84321493753215
-5.22847382911953
-0.660294336585978
0.693623544546966
-8.04902172634415
4.86495722773938
5.24441521078877
-0.57924710493956
4.55433818778802
10.3091566850279
6.85269074491468
-0.932910113635966
-2.54949257636555
3.57038410685974
-5.17631520269516
9.47424508874425
0.28396529679372
-8.50362971714182
-0.324184505389506
4.46579363441722
-1.18842252701415
-4.4189018009089
-1.34057156723655
-7.12579636554711
1.41364735120781
-0.794897918158115
-0.705217887310883
1.93119322823863
-2.36927392513051
5.90951047474477
-1.26206449138295
-1.1554814625388
-7.70987429521911
-0.629532124496626
4.457693176938
3.54348490386932
6.82742399133454
0.734705790371194
0.171882807941011
6.7545226310819
-1.82392214642143
-4.10482955888716
-2.23728554878948
5.59828320244994
1.04641521103017
2.91844688509068
-3.43041091024944
-5.09245206296066
-5.67376691326209
-2.29125235161759
4.33688114951675
3.53525003160899
4.4212115176729
1.58614901008337
-11.5433464559547
2.82014879391543
-1.28607675885786
12.4995180722733
-3.22679632761505
-8.95280927833266
-5.39892762340656
3.57224403747888
-9.06472366916297
5.24084447449619
1.01357933596905
1.40605679505615
5.16029004036508
11.469392768121
-0.296280136937934
2.05700677945165
-6.39620839822158
-2.13250925666587
4.2497872256543
-9.0150660610563
-4.84776983081835
8.2533939389061
3.32978461761349
1.80557322045901
-2.43899396980559
7.14191128806879
-4.52126322035166
-10.4684684775803
4.60839490373661
-9.24511403363607
-8.29946845742471
-1.38180118237667
-4.14216860920961
-3.43035450964247
-1.35803884746579
6.21905278432317
-0.860107110294551
-12.732372992602
8.20313749880241
7.82103228440585
0.101537333554672
-13.2569887297455
5.58905856101079
-4.09541703215129
8.52275008566693
4.24927915747313
2.71668531436304
0.280177266925871
7.92024806615525
-7.1931727298075
-3.19859306264294
0.43382733354592
2.3340558949544
2.0862641188526
3.03947376051986
1.4010494707858
-5.88133785343777
-6.47116784055681
-1.593703529139
4.2292878557709
0.295208502174183
1.40026564472258
-4.18295606133887
3.26766581808607
0.909471876573201
-10.1627600727289
6.71448262680777
-0.49802352750287
-6.60272891127098
2.45016026301969
-0.685051743246802
-0.271508122430184
-3.22357839882887
0.10195804849774
-1.35225509086349
-2.36116214869721
-10.6883767465199
0.486635367363355
-1.89664288046076
2.17096451456544
-0.578321473182819
-6.49485234178327
-7.23703246577883
0.589383503566204
-3.56628269008183
-7.55197888250578
-1.45752194305815
-1.13295452981247
-3.42738378068374
-0.319661447154786
-1.34829020218442
-16.6733768177001
5.25636881213107
6.45509783556895
9.51163687840702
-9.50828157094762
-2.21338178457479
6.18632342927121
-0.17314301901352
4.35278853762166
-6.79176763532249
1.07505616059967
2.24539594362906
6.02230892326423
5.81088371048921
0.954271684711969
0.173851468370363
-5.92251048481887
-0.564831564862882
8.466625461237
-3.43794667588552
-1.74725154322174
-0.738280530047785
2.13516828665269
-7.4348495473039
2.79314523497607
-1.17719837815541
1.07898980768443
-0.358717070346403
-8.2559063430255
-3.66652072598106
-0.00943144278561998
3.50196376928347
3.92918268049862
-5.1235484444641
-1.87047295300225
-3.71824480303098
-3.37354143681018
-3.3816771056375
-4.86818751513686
-3.82278697083655
4.89597975536625
5.86916309022293
6.873332077091
6.013691748362
0.134746835086174
3.55630151243127
-0.457261882346221
-0.584308139509482
-5.62894467100621
5.69935717554639
-2.29745618844856
-4.60332595422742
-1.51965389538425
1.33842626589209
-6.28480501576602
7.764966442932
16.4451110555114
7.153437865229
7.01466642335693
0.103575328193415
6.11044942303433
-2.88551816682741
4.12710072771783
1.91418624240767
-6.05831289857261
5.58148254218539
-4.09005987659481
-2.22432424041434
4.22330644883779
4.75629589568601
-4.31200648538205
3.06129058309322
-0.525102615076045
-3.76881131786508
-13.8574640052603
-0.493217132088912
-4.31260591867107
0.0595720991808591
1.13951210792267
3.77434036736297
1.05110460702261
-3.26789917650538
1.25925449638995
-2.07825178982299
-0.960118194653616
0.663647055467297
1.22239379799354
6.5243982456166
-4.70362032769421
12.1066787783908
9.17965853082924
-3.51967384989256
-2.44850036603913
-4.31119709369074
3.39289393443329
-6.84353272588161
5.53965632433059
-3.75832304925791
-4.30431285218001
2.75002241062642
-2.4869901565597
1.45456954413441
8.71321476775379
0.855490204428158
8.33115461935292
1.40256953218232
6.66297552396965
4.04099820623038
1.97219998993689
-5.98249398920373
-5.146467465638
-14.8498949211088
0.743680403368642
-1.44575822897694
2.08739937409509
-0.389755546562014
3.39972895853422
0.7549428913016
-4.19070312969779
9.16434446095256
-6.04886038120477
1.88700951122886
-5.39647390145068
0.0659589291536794
-0.481320105574628
-2.50034689281494
5.60048589222872
-3.61503859630425
0.0479511381046538
-3.14294092488853
-2.52221724822063
-0.429890255778159
-1.0164227277108
15.2484310429192
-4.93285499608844
5.86665286952946
1.59619869503264
-2.6366489981132
1.4193099074993
5.7676703071738
-3.35308329041795
2.53712875109535
6.23717151355163
-6.24137771105936
-9.67359329094002
-3.81931257892647
7.13544370455863
1.65316389193656
2.93062678218959
5.10661070453562
8.73865810853066
5.10701882968056
0.332680065754693
-1.54869786571059
-10.6618791721397
-1.61190457583739
2.52674895609322
-5.13778702938769
5.80439319975794
3.39339000267518
-2.87450236225363
0.224470923722063
1.64961546796983
-1.58364283801007
2.75754743887439
-2.70092404952473
0.642088260374526
8.87952430796373
-4.35965077358505
-3.72562619839031
5.78088901417107
0.620488262910812
4.50671450412262
0.365290178409017
-2.3837618253381
4.38170707958237
-0.504930178972099
-9.60392146908339
7.01484494748205
-10.3339783615113
-1.64068958502969
-7.74441907720331
1.18259178047272
-0.882562787032042
4.44095895743977
-10.7802586085916
3.3745146939794
6.3323728668159
1.79568925297846
5.20019109654937
2.83680506756446
-3.67092099809864
-7.20966127524037
-5.43181801903725
-2.05667831996816
-2.14509299939422
0.0901921183675766
-3.337145934379
4.84109122543569
6.95526463074149
-0.970742231465466
-2.44578860194936
-2.62026763452661
-2.6799701924092
-5.67947728017859
-5.5894405779218
-6.24157898521977
-4.57139653240534
3.66590199199375
8.84367171365799
0.0969856915957783
-0.105634037825646
-1.03001829687535
-5.14765791821255
-8.49579572061571
-3.36061634673986
9.12482221167866
-7.63324312146512
3.05745801320899
-1.35624422875969
-6.67044343430334
11.7272691111285
6.17168500951166
7.62528949970461
2.90554400836669
-11.805501077066
2.58562870354376
6.90213195953533
0.00716193032056738
-1.95219295033909
2.15911859904905
3.1498646566899
-7.95194518792975
2.93923559439669
1.47932830715257
-1.13329142356344
1.74700526728516
-6.88876666157129
-4.31881230926574
3.73996507326823
6.53564284711067
-2.93914784405671
-5.66789537132158
-3.90802283503606
5.41599174363554
2.29944405693041
-2.44931163075339
0.377530889548888
9.61109440379427
0.638400781333996
5.61961107388849
6.13329404139989
5.15688673683878
0.339681726671714
-4.98479974740437
-5.83935520391814
-3.01550065622673
3.64190113811434
-3.08259583937548
-1.31204457811398
-6.33100859935123
-4.51376150922761
0.73045745277081
6.692121800069
3.33436715458284
-3.17190294985097
6.04380311623762
4.66328508741607
3.3251910712742
-0.914257589633381
-2.95703638349704
-4.03086286086349
-1.04938377105828
1.2071143516564
0.559075988704591
-0.570418277069805
0.506121527040123
1.03924545347906
1.1010437244361
-5.15888927188113
-1.65466488701887
-1.58846031888708
1.9415212682064
-3.8778821575736
-0.86648185958722
13.500782668581
9.25830356961819
3.99508653689767
-0.0446894584395541
-0.567778284598597
-8.89910280592249
-0.792012424019951
5.56383966503487
9.59244193798641
-8.06688747465498
1.85884653486267
-4.617217924067
-11.5205221469546
-1.38320725223395
-2.68643988069767
-0.33758472904382
-2.32219014464702
6.9654910830984
-1.69443020413144
-0.376630771470326
-3.51406073720732
6.7057044877951
-1.185759000107
1.58961580611314
-2.11192322122973
-6.32973756960579
-0.424333620147148
2.48707520264323
8.37359384769018
4.393103557281
-1.32600892554576
-1.84471183162937
0.237082903411006
-4.59163452341898
-3.74116514625977
7.83436623307087
-3.38436643530937
-8.20198159833515
-2.71934989521475
4.00263140416971
-3.47314338141966
-6.09135077503529
-2.36320716989344
6.08768673859189
6.12732811035999
0.307410407719954
-8.00531379062439
-11.0826683843413
0.617556892339869
-0.780070800098242
2.60095836898061
-4.47550981002318
6.72173152883742
-1.72952193498328
-0.147418095132273
6.54205150671687
9.88951647200179
-11.5643330050113
3.61958866919555
-12.5304331525462
-3.35687359026938
-1.22375089829702
-4.08367413729282
2.45735815595025
-0.56147198775122
1.1321466608329
-2.96751679033635
0.208534833937207
-4.97040283238209
-6.11730078666673
6.82367978003509
-2.67350104857265
2.83789728811636
8.67461317727902
-4.78450601602207
2.68337381869468
3.62521312092782
0.305691843047071
0.0223127844589388
2.44263912512452
2.83780383394127
-0.345508930375962
-0.314168676653547
3.47723228210466
-8.3400486782258
4.04998556539267
1.92715344837132
-3.45980105979061
-2.21714286213682
6.92568993311348
4.11421942261568
2.96710039116831
-2.10660056039781
-0.0813840754599015
10.916228403666
6.40525763971413
-5.11225296107276
-2.83903080245976
-8.68810314494911
2.31941746630975
0.153019626866981
5.55440124259587
2.15973973399944
0.588853763152602
6.93400417028144
6.55401782636324
-1.2292293166123
2.12368727417763
3.86255446984431
0.545552931305246
-1.72578506889466
-5.56092070648892
2.82332904307521
1.03933657094392
-1.57668019464999
8.1527367876767
-3.01993836302466
0.0403283305357674
0.181147313373531
-1.0882326531454
4.19079106198041
9.33796120862748
-6.74085063063911
9.68377404636838
7.5191157388782
-9.35204060359577
0.719373973361751
-1.53423176068528
7.41791150711759
-4.89314974526049
-4.32175844726891
-4.32359627890596
6.85468770718046
4.25882989030106
-13.8712445881292
0.0898125881383877
-7.81256616942786
3.27484382634973
11.7510989215076
0.168935381082755
0.509947392442653
0.976799999968949
1.28821867792925
-2.3941996093673
0.664108760093728
-2.64618221423208
2.2130562493126
3.44726253886257
-3.82047214633138
3.4066784634257
7.04855765546962
-2.73560845211395
-8.2355873853192
-15.6306273129551
5.93605093301223
-1.78357011611418
6.06119234773994
-3.46976360670148
6.78030795319284
4.52865667892576
-4.70794376127899
-3.19292196576973
2.41743775854157
3.79373968467898
2.13244676417104
1.80525398186754
2.52553284787145
3.31478457815977
-6.03191863306653
-0.0964199293147961
-2.17418775972975
5.1706687499873
0.927603119159607
-4.87367806318717
9.07054204814253
-6.18872397486036
-4.82736404437878
-4.1592998326119
13.8049985622078
1.31739086844854
-3.19531152114893
-0.647131878011565
-0.818102064411472
-1.5255206003035
-1.606919022095
-4.28828441007765
-2.10485362984017
1.20446498061864
5.68039036321654
0.0771428856289858
-4.12096819339658
4.38339033882019
-1.78136338161568
6.33879368891947
0.644107155694451
1.38730116240855
-7.56056976054735
8.33597560241715
-8.13602916853259
0.161499239099812
-1.54333519228688
-8.23513258774245
-4.12363496377845
-1.15882100523261
-7.04647674607561
-2.44725940797834
3.11071970574116
-2.23372673590793
-1.57812827812428
-3.85678987433655
-3.30335000156782
0.801073149115314
-3.78907485331388
6.92990592329445
1.39023929820315
-6.17316558749578
1.81820665079394
5.43434490540197
-8.6268403970212
-0.401307958247869
1.17826383186756
2.99508371382212
9.40218385811105
1.90217179301326
9.17638324237366
-4.1164706325631
-6.753283333075
-4.44528917756422
-0.801112313971967
-0.36028482585186
-3.49146240459911
3.37566992461519
4.97564299159489
-0.79879852781618
-4.23277788820216
-15.3414103192369
-1.53646763488884
-4.24007434773338
4.92123758076923
3.71939889825407
0.136230698069017
-2.43393397511221
0.71821003219506
1.30533982177124
-6.24995147065638
-7.7628618973227
-3.12210735234122
3.11361155279613
0.360559639595712
1.35554476516791
6.2461595867919
-4.75881462253391
4.67230032793104
6.02245920628676
2.73407872475257
2.45660583297489
0.27430487322319
4.79842396263202
0.877931348025622
5.95427123226685
-7.1393789664796
-14.804193710275
-1.68733301781121
9.77382654215081
4.18801599514074
-3.28641491459145
4.86795593104407
2.56167777813941
9.37325340308893
4.51311575363711
-1.22641043255155
-5.149888391609
0.833250820998785
4.03656411138846
9.76650635100918
3.17502677665238
0.159240210856416
-1.88405148475553
-0.108268374390217
0.590948546641221
1.68753279265069
8.97849127062686
5.41791190776285
-6.51677285663303
5.73531078077536
-3.37654739218402
1.04733001691444
4.41539715667911
0.245373432996183
7.34802498011345
6.36525465764984
-5.90647742442166
-6.01023212804896
9.98447580175869
-0.85667675157836
-2.62233602235912
6.99060341590606
3.24086566279267
-5.81990219227202
-2.98901052910162
-4.27688608864136
0.744237872401302
1.45650186165484
-0.637447653270899
4.0087490589775
-1.57483104433926
-12.1515951304474
-6.82190591827933
1.33749112744744
-8.89357744225594
1.26411218510446
13.1443037067372
6.97647393291917
-3.74105977525293
2.32797250775433
6.65783920366068
1.94546377296846
4.47894697980303
6.88325707182976
-6.31989306060088
-0.717410016954483
-5.41445049769313
3.69669174748192
1.19996361845045
-5.45845178583422
-7.26384048692852
-3.90845728316255
-3.9923990315136
-3.59230084136736
-1.25551854766303
4.50804920398285
-2.68588596212663
6.3222082492582
1.68838811654937
-0.273749954562534
2.09119324415849
-4.62609493832872
-2.70997200235228
-0.428276351157928
-0.101985732664983
-2.79798902011845
2.77418289037988
5.90314704329709
-4.84871557774588
-1.43282342168717
4.25396409329286
-0.857028867523476
2.55945905672681
3.52924628949645
9.75352141765848
-1.48907302847114
-3.24484492027276
3.6825307978082
-3.65857823715965
-3.03920555776073
5.38111568988902
-2.88212895399727
5.49313181769882
7.03670844206401
0.183280759827928
9.61959314395301
-6.27509377646961
-5.98532053283441
-7.47322115822078
3.56448907863016
-2.74449282214688
0.122186265518487
-2.15025340995893
-4.47543794067411
6.38618998633596
-0.438489161257652
-12.2778109644612
4.48233650638785
3.77663184352768
1.34840864654688
5.80085891200643
1.1508515929474
11.1271033663378
-4.33235282934581
3.73976167425458
-1.60281015315653
-4.15280287803321
4.19156076397115
-5.82431484861179
-0.131230283976495
-6.47359419182576
0.952331417085216
2.51403709472463
4.07836587241308
-5.80228815597868
2.19296205881204
-2.37630133202971
0.200837972967906
4.57693117182626
1.72964669340076
-8.2359681239647
2.55325059448716
-1.76801413536983
4.55467160909634
-4.94547318497787
-3.14174559895459
3.74552463094955
-7.23853717196197
-3.24467740693635
8.51732672963738
-12.8069391356743
-4.44025759575098
5.66524082482968
